14 14
-3 0 0 0 0 0 -3 0 -3 -3 0 0 0 0
-3 12 2 2 2 2 10 0 -7 -10 0 0 0 0
-3 11 2 2 2 2 13 0 -3 0 0 0 0 0
-11 -2 -13 12 2 2 5 2 -9 0 0 0 0 0
0 0 -7 4 9 13 0 0 -3 0 0 0 0 0
0 0 -3 0 3 11 13 0 -3 0 0 0 0 -12
0 0 -3 0 11 8 10 0 -3 0 0 0 0 -3
0 0 -3 0 0 11 2 2 9 2 13 0 0 -3
0 0 -3 0 0 0 0 0 -3 12 4 2 13 -3
0 0 -3 0 0 0 -12 -2 -10 3 0 0 3 -3
0 0 -3 0 0 0 -11 -2 -13 7 2 2 10 -3
0 0 -3 0 0 0 0 0 -11 1 -2 -2 -2 -10
0 0 -11 -2 -2 -2 -8 2 2 10 0 0 0 0
0 0 0 0 0 0 -3 0 0 0 0 0 0 0
6
6 0 TOP
4
8 0 TOP 12
9 0 TOP 17
6 0 TOP 1
0 0 TOP 12
